                     40                      
                     40                      
                  25    15                   
                  25    15                   
               17    08    07                
               17    08    07                
            10    07    01    06             
            10    07    01    06             
         05    05    02 01 02    04          
         05    05    02 01 02    04          
      04    01    04 02 01    01    03       
      04    01    04 02 01    01    03       
   02    02 01 02    02 01    01 01    02    
   02    02 01 02    02 01    01 01    02    
01    01    01    01    01    01 01 01    01 
01    01    01    01    01    01 01 01    01 
40
